[1,["ecpdLyjvZBwrvm+cedCcQy","4dg47GCSJJT6BO3viR97g3","a2MjXRFdtLlYQ5ouAFv/+R","18r6dehdpHGJBlUB7Bs9/U","ccQZjnAQxEsp5R9MgV35kI","a8lNspXl1G/IbGq96Bu9hq","bfrBXLPM5PWKotRo/wZbXG","e5aolLgVBLaaz0DzbUpSEG","a8kCUdFbZLDY9nbnXIdEzo","91+c7Gv4tDl7BWJ0ZA52vK","abwstieFJFJakN1HRIe4jy","4bzGq/DblNwLoJGaUu7vOW","81go4/IXRGUZrIMF9hiJRb","4awOdjBn5GabQ5JZswCFUG","3fmdFkPyNEPYWqANKs0EPo","78hqQwZHlOOoPaq/3SvUdh","2cE/VmVPVLt6iTUsKLhXrD","53TaajfaJIJIhePTgdcQ0+","fc4kMcOWlLOqF+Z5XUdthf","barF+Aw11Kl5rp5Tr5oghD","6ecsDeWiBOD7Qw6sbJBXcg","2bFcKC8iJI7phUIN+wcd+P","9bc8IStO9KR7xt17/gVZOv","d4gWyJukhDBJJB7TtCBDAR","0ea+I18SVC3ZedTBGRMGIH","3cZLIHE2lEU5kEhVT04yA+","c5TeeEEjlOt4cmMQVuUDZp","b2aHrECZ5APKGS/0d2hvT1","73UkhhWJZBt7EPQdah8hh3","82eqIKhk5GsqdnZZZ2e2Kp","1e3BQv24lKc7PeLZgsr5Gl","38uFekUYFBxITVeROcpH1I","86WG59x6NJ6oWk2aoBtNmD","99JdOlm71IPJ243Mivj9aR","eegTXQNhdPBr1JY8GUmBMo","66bWUO5hJES7E3oEAZ4RHX","7fGsfXE/ZDVpNfbMriDlzv","aaLcD01WhIP4567eZrKRRO","cfhcKzZK9LZKIzew6PFE5P","adtqGNMFNKWKq80I6P+eGT","e1bvHDkAZDuZN7NW7kiu3j","0b89DzL+5JVJQXJVFV94mv","43TdZ8a9lI6owX66y/S7PA","332fCuUllKZYJh34c7aqve","4fhdNrlc1BQqWZ97wJTt97","86D0QUQs5Lsr1ub0YQXHgG","aasKsFaBREr5XD4zVaKOsn","a34fOOSvJCha0r4A+VcDDn","9aNNcKySxD4oS3QOd6j4AC","e17blqu3BIqZGVy8K5iZ5H","a0lvB8f9FKgYyEysN7laPV","c4W42CDMJNq51hEdgr+o2q","d0qC05vt5GxLaYyB/w3t//","a6nHc2oJBGuLkYN8omFTvB","67QkSa4W1CXbDEDON4gJzs","d6dpaAdjRC+p4wyrE/AzKk","94eut+x1xMHYzIDY6UVHCe","76dHz6T/dKFpd8mlT8cgmq","9dZ2ZQ00RGMLqNXtgJq1Cr","e9ImggbhZNc44bpr8TpcZo","8dwV6+YwFA+7Nh9iT/HSG8","a6lOcgCOlFmI1iYImjhR6h","17fJ1GCR1BUZAA7JGX//Pg","dbao/0mVJKfJV5ep1HFW1F","02delMVqdBD70a/HSD99FK","b8NlGowHdLsKJic0qjZ7zb","8f58Lvw7dD77VuIg9fFl/G","d1epIvwbhAv6EDajiqdH4G","47LfXTNedBhJ5sf0G+5l7j","abcq0AAcZAQLaXsz5oXF1V","09eEutE+pCMr1+xvJpB7av","1dxv1tqo5KKYXOzBcjI6P8"],["node","_parent","_spriteFrame","_textureSetter","_mesh","root","_N$file","_model","map1","spaceClicked","bodyCollider","skeleton","_skeleton","idle","boxBack","boxNext","CharacterNext","diffuseTexture","_effectAsset","Scene2","Scene1","CharacterBack","audioClip","scene2Trigger","scene1Trigger","Scene3","mapNext","Bomb_Prefab","walk","dance","jump","death","win","lose","mapBack","_file","scene3Trigger","stick2","stick1","Text3","Text2","Text1","Scene6","Scene5","Scene4","audioPlayer","image","button","video","scene","_clip","data","_defaultClip","spriteFrame"],[["cc.Node",["_name","_active","_groupIndex","_is3DNode","_opacity","_id","_components","_parent","_trs","_contentSize","_children","_color","_prefab","_eulerAngles","_anchorPoint"],-3,9,1,7,5,2,5,4,5,5],"cc.SpriteFrame",["cc.Node",["_name","_is3DNode","_active","_trs","_children","_parent","_prefab","_eulerAngles","_components","_contentSize","_anchorPoint","_color"],0,7,2,1,4,5,2,5,5,5],["cc.RigidBody",["enabledContactListener","_allowSleep","_type","_linearDamping","_fixedRotation","_gravityScale","awakeOnLoad","node"],-4,1],["c6135LahWhLJ5A8kc2GJZv7",["isScene3","isScene1","node","map1","mapNext","mapBack","CharacterBack","CharacterNext","boxNext","boxBack"],1,1,1,1,1,1,1,1,1],["cc.Node",["_name","_groupIndex","_components","_trs","_parent","_children","_eulerAngles"],1,12,7,1,2,5],["cc.PhysicsBoxCollider",["_friction","tag","node","_size","_offset"],1,1,5,5],["cc.BoxCollider",["node","_offset","_size"],3,1,5,5],["cc.Sprite",["_sizeMode","_type","_enabled","node","_materials","_spriteFrame"],0,1,3,6],["cc.Label",["_string","_N$verticalAlign","_fontSize","_isSystemFontUsed","_N$overflow","_N$horizontalAlign","_styleFlags","node","_materials","_N$file"],-4,1,3,6],["cc.LabelOutline",["_width","node","_color"],2,1,5],["cc.PrefabInfo",["fileId","root"],2,1],["AudioObject",["name","audioClip"],2,6],["cc.BufferRange",["length","offset"],1],["cc.PhysicsCircleCollider",["_density","_sensor","_radius","_friction","node"],-1,1],["cc.ParticleSystem",["_custom","totalParticles","duration","emissionRate","life","lifeVar","angle","angleVar","startSize","startSizeVar","endSize","endSizeVar","startSpinVar","endSpinVar","_positionType","speed","speedVar","tangentialAccel","tangentialAccelVar","radialAccel","radialAccelVar","_dstBlendFactor","node","_materials","_startColor","_startColorVar","_endColor","_endColorVar","posVar","_file","_spriteFrame"],-19,1,3,8,8,8,8,5,6,6],["cc.Model",["_name","_nodes"],1],["cc.SceneAsset",["_name","asyncLoadAssets"],1],["cc.Node",["_name","_is3DNode","_children","_prefab","_trs","_eulerAngles"],1,12,4,7,5],["cc.Node",["_name","_is3DNode","_parent","_children","_prefab","_trs","_eulerAngles"],1,1,9,4,7,5],["549330dcrxATrD5H857nND+",["node","Scene1","Scene2","Scene3","scene1Trigger","scene2Trigger","scene3Trigger"],3,1,1,1,1,1,1,1],["e5250/BzRtHwqUZhyDk806o",["node","Scene1","Scene2","stick1","stick2","scene1Trigger","scene2Trigger"],3,1,1,1,1,1,1,1],["67091RUfYpKFpRQGyH4tWCA",["node"],3,1],["b0b67C1BYFMJJ/OQve+tZKq",["node","Scene1","Scene2","Scene3","Text1","Text2","Text3","scene1Trigger","scene2Trigger"],3,1,1,1,1,1,1,1,1,1],["12db5F/9cJHsZ03H+WWXSWX",["node","Scene1","Scene2","Scene3","Scene4","Scene5","Scene6"],3,1,1,1,1,1,1,1],["cc.Canvas",["node","_designResolution"],3,1,5],["cc.Widget",["_alignFlags","node"],2,1],["053a0DILKlJK7pd2G3MyPVI",["node","audioPlayer"],3,1,1],["21350vAY7BHSaKCh4GPaJoq",["node","bodyCollider","spaceClicked","Character"],3,1,1,1,1],["3c3c59Fw+BL8a7hUJMbDr80",["node","skeleton","idle"],3,1,1,6],["eed8awe0ENGFo3UmlBC6EkJ",["node","bodyCollider","spaceClicked","Character","Bomb_Prefab"],3,1,1,1,1,6],["6d33d5R+jlIfpyuUFg/JqFs",["node","skeleton","idle","walk","dance","jump","death","win","lose"],3,1,1,6,6,6,6,6,6,6],["4a041ErooFAbqgpLkwEcmcs",["node"],3,1],["248a5W2Z1tB7I5zro/rc2T9",["node","video","button","image"],3,1,1,1,1],["eaeb1K9WzdHkJnMHSnDDu+U",["node"],3,1],["cc.Scene",["_name","_active","_children","_anchorPoint","_trs"],1,2,5,7],["7be8aCmdF5Nzpxdq4fJSOeH",["node"],3,1],["83aeb+1oXBGab873ioivyWY",["node"],3,1],["bf5f5Rvyw5IKb3sXf2bPpYR",["node","arrayAudioObj"],3,1,9],["9c9bdcxTi1K5qmLK8lMwxbs",["node"],3,1],["cc.Light",["_shadowMaxDepth","_shadowFrustumSize","node"],1,1],["cc.Camera",["_clearFlags","_depth","node"],1,1],["cc.MeshRenderer",["node","_materials","_mesh"],3,1,3,6],["cc.VideoPlayer",["_resourceType","node"],2,1],["cc.SkinnedMeshRenderer",["node","_materials","_rootBone","_mesh","_skeleton"],3,1,3,1,6,6],["cc.SkeletonAnimation",["node"],3,1],["cc.Mesh",["_native","_vertexBundles","_primitives","_minPos","_maxPos"],2,9,9,5,5],["cc.mesh.VertexBundle",["verticesCount","data","formats"],2,4,9],["cc.mesh.VertexFormat",["name","type","num"],0],["cc.mesh.Primitive",["vertexBundleIndices","data"],2,4],["cc.Material",["_techniqueData"],3,11],["cc.TTFFont",["_name","_native"],1],["cc.Prefab",["_name"],2],["cc.PhysicsPolygonCollider",["node","points"],3,1,12],["939e41al8BDGLTPfhfPNoOG",["node"],3,1],["cc.Animation",["node","_clips","_defaultClip"],3,1,3,6],["e6ec6uN/qhFhJvIS/Rg/Vss",["node","Bomb_Root"],3,1,1],["cc.AudioClip",["_name","_native","duration"],0],["cc.AnimationClip",["_name","_duration","events","curveData"],0,11],["cc.SkeletonAnimationClip",["_name","_native","_duration","sample","wrapMode","description"],-3],["cc.Asset",["_name","_native"],1],["cc.EffectAsset",["_name","shaders","techniques"],0],["cc.ParticleAsset",["_name","_native"],1],["cc.Skeleton",["_skinIndex","_jointIndices"],1]],[[11,0,1,2],[2,0,1,5,4,6,3,7,3],[2,0,1,5,6,3,7,3],[19,0,1,2,3,4,5,6,3],[34,0,1],[48,0,1,2,4],[2,0,1,4,6,3,7,3],[11,1,1],[8,3,4,5,1],[42,0,1,2,1],[0,0,7,6,9,8,2],[7,0,1],[0,0,3,7,6,12,8,13,3],[5,0,4,2,3,2],[7,0,2,1],[8,0,3,4,5,2],[0,0,4,7,6,11,9,8,3],[10,0,1,2,2],[0,0,1,7,6,9,8,3],[0,0,7,6,11,9,8,2],[7,0,1,2,1],[46,0,1,2,3,4,2],[47,0,1,2,2],[13,0,2],[13,1,0,3],[49,0,1,2],[2,0,1,4,8,6,10,3,7,3],[0,0,1,2,7,6,8,4],[0,0,3,7,6,12,14,8,13,3],[5,0,1,4,2,3,6,3],[18,0,1,2,3,4,5,3],[6,0,2,4,3,2],[6,1,0,2,4,3,3],[9,0,2,3,6,1,4,7,8,9,7],[9,0,2,5,1,4,7,8,6],[10,1,1],[12,1],[44,0,1,2,3,4,1],[45,0,1],[2,0,1,5,4,6,3,3],[0,0,2,7,10,6,9,8,3],[5,0,4,5,2,3,2],[3,2,7,2],[6,2,3,1],[9,0,3,6,5,1,7,8,9,6],[10,0,1,2],[50,0,1],[59,0,1,2,3,4,5,7],[0,0,1,10,6,3],[0,0,7,6,8,2],[7,0,1,1],[12,0,1,2],[57,0,1,2,4],[2,0,5,4,3,2],[0,0,4,7,10,6,9,8,3],[0,0,7,6,2],[0,0,7,6,12,2],[3,1,5,3,4,0,7,6],[3,1,3,4,0,7,5],[28,0,1,2,3,1],[29,0,1,2,1],[30,0,1,2,3,4,1],[31,0,1,2,3,4,5,6,7,8,1],[8,1,0,3,4,5,3],[9,0,2,3,5,1,4,7,8,9,7],[36,0,1],[2,0,1,4,6,3,3],[2,0,2,5,4,11,9,3,3],[2,0,5,4,2],[2,0,5,4,6,3,2],[0,0,2,7,6,11,9,8,3],[0,0,7,10,6,9,8,2],[4,1,2,3,4,5,6,7,8,9,2],[3,2,1,6,7,4],[6,2,4,3,1],[16,0,1,3],[17,0,1,3],[2,0,5,8,2],[2,0,2,5,8,9,3,3],[0,0,10,6,2],[0,0,5,10,6,9,8,3],[0,0,2,10,6,9,8,3],[0,0,1,7,10,6,3],[0,0,7,10,6,8,2],[0,0,2,10,6,8,3],[0,0,2,6,11,9,8,3],[0,0,1,2,6,9,8,4],[0,0,1,7,10,6,8,3],[0,0,5,7,6,3],[0,0,3,7,6,8,3],[0,0,3,2,7,6,8,13,4],[0,0,3,7,6,8,13,3],[0,0,1,7,6,11,9,3],[0,0,4,7,6,11,9,3],[0,0,7,6,9,2],[0,0,10,6,12,9,2],[0,0,1,7,10,6,12,9,3],[0,0,7,6,12,9,8,2],[0,0,4,7,6,12,11,9,8,3],[5,0,5,2,3,2],[20,0,1,2,3,4,5,6,1],[4,0,2,3,4,5,6,7,8,9,2],[4,1,2,3,4,7,8,2],[4,2,3,4,5,6,7,8,9,1],[4,0,2,3,5,6,9,2],[21,0,1,2,3,4,5,6,1],[22,0,1],[23,0,1,2,3,4,5,6,7,8,1],[24,0,1,2,3,4,5,6,1],[25,0,1,1],[26,0,1,2],[27,0,1,1],[3,0,7,2],[3,2,0,7,3],[32,0,1],[33,0,1,2,3,1],[8,2,3,4,5,2],[35,0,1,2,3,4,3],[37,0,1],[38,0,1,1],[39,0,1],[40,0,1,2,3],[41,0,1,2,3],[43,0,1,2],[51,0,1,3],[52,0,2],[53,0,1,1],[14,0,1,3,2,4,5],[14,0,1,2,4,4],[54,0,1],[55,0,1,2,1],[56,0,1,1],[15,0,1,2,3,4,5,6,7,8,9,10,11,12,13,14,15,16,17,18,19,20,22,23,24,25,26,27,28,29,30,22],[15,21,0,1,2,3,4,5,6,7,8,9,10,11,12,13,14,15,16,17,18,19,20,22,23,24,25,26,27,28,29,30,23],[58,0,1,2,3,4],[60,0,1,3],[61,0,1,2,4],[62,0,1,3],[63,0,1,3]],[[[{"name":"git","rect":[0,0,1920,1080],"offset":[0,0],"originalSize":[1920,1080],"capInsets":[0,0,0,0]}],[1],0,[0],[3],[29]],[[{"name":"frameBg","rect":[0,0,561,599],"offset":[0,0],"originalSize":[561,599],"capInsets":[0,0,0,0]}],[1],0,[0],[3],[30]],[[[75,"Space_Dog",[{"name":"RootNode","path":"","scale":[1,1,1],"children":[1,2],"position":[0,0,0],"quat":[0,0,0,1]},{"name":"Main","mesh":0,"skin":0,"parent":null,"path":"Main","scale":[1,1,1],"position":[0,0,0],"quat":[8.14603424714733e-8,0,0,1]},{"name":"Bip001","parent":null,"path":"Bip001","scale":[1,1,1],"children":[3],"position":[0.00000144704631566128,0.00853259395807981,-0.0011755732120946],"quat":[-0.500000357627869,-0.499999642372131,-0.499999642372131,0.500000357627869]},{"name":"Bip001 Pelvis","parent":null,"path":"Bip001/Bip001 Pelvis","scale":[1,1,1],"children":[4,25,29],"position":[0,0,0],"quat":[-0.5,-0.5,-0.499999314546585,0.500000715255737],"uniqueBindPose":[0.0000013867999086869531,0.0000027577068522077752,1,0,1,1.6291687643388286e-7,-0.0000013868005908079795,0,-1.6292067073209182e-7,1,-0.0000027577068522077752,0,-0.008532593958079815,0.0011755733285099268,-0.000001438455342395173,1]},{"name":"Bip001 Spine","parent":null,"path":"Bip001/Bip001 Pelvis/Bip001 Spine","scale":[1,1,1],"children":[5],"position":[0.0026307248044759,-0.0000211705264518969,3.72543551563354e-9],"quat":[-0.00000208047595151584,-6.93675985985465e-7,0.000398158997995779,0.999999940395355],"uniqueBindPose":[1.0916177961561857e-9,-0.0000014026936696609482,1,0,0.9999995827674866,-0.0007961550145410001,-2.2083790351956623e-9,0,0.0007961550145410001,0.9999997019767761,0.0000014026923054188956,0,-0.011162362061440945,0.0012056329287588596,-0.000001445361817786761,1]},{"name":"Bip001 Spine1","parent":null,"path":"Bip001/Bip001 Pelvis/Bip001 Spine/Bip001 Spine1","scale":[1,1,1],"children":[6],"position":[0.00379432900808752,-0.00000299997623187664,-8.44011058959149e-12],"quat":[-1.10056407075839e-13,4.42371153042131e-8,-0.015949347987771,0.999872803688049],"uniqueBindPose":[-4.2633498509303536e-8,-0.0000014033563502380275,1,0,0.9995162487030029,0.031098878011107445,8.625568170828046e-8,0,-0.031098876148462296,0.9995163679122925,0.0000014013517102284823,0,-0.01498763170093298,0.0007309798966161907,-0.0000014466781976807397,1]},{"name":"Bip001 Spine2","parent":null,"path":"Bip001/Bip001 Pelvis/Bip001 Spine/Bip001 Spine1/Bip001 Spine2","scale":[1,1,1],"children":[7],"position":[0.0037691961042583,-0.00000320300455314282,-8.8766684974706e-12],"quat":[9.94142071995049e-15,1.4076229604143e-7,-0.0507507473230362,0.998711347579956],"uniqueBindPose":[-1.8131649426322838e-7,-0.0000014147368574413122,1,0,0.9912150502204895,0.13226036727428436,3.668372130505304e-7,0,-0.13226036727428436,0.9912151098251343,0.000001378327283418912,0,-0.018734630197286606,-0.0011709921527653933,-0.0000014519534943246981,1]},{"name":"Bip001 Neck","parent":null,"path":"Bip001/Bip001 Pelvis/Bip001 Spine/Bip001 Spine1/Bip001 Spine2/Bip001 Neck","scale":[1,1,1],"children":[8,16,24],"position":[0.00337379681877792,-0.0000020036100067955,-5.38420870388467e-12],"quat":[1.24344978758018e-14,7.94093388050907e-23,4.16333634234434e-17,1]},{"name":"Bip001 L Clavicle","parent":null,"path":"Bip001/Bip001 Pelvis/Bip001 Spine/Bip001 Spine1/Bip001 Spine2/Bip001 Neck/Bip001 L Clavicle","scale":[1,1,1],"children":[9],"position":[-0.00136788608506322,-0.000526946038007736,0.00195951573550701],"quat":[0.65867680311203,-0.000263302033999935,0.752425849437714,0.000298667815513909],"uniqueBindPose":[0.9912112355232239,-0.0000013686473039342673,0.13228939473628998,0,-0.1311134397983551,-0.13304966688156128,0.9823985695838928,0,0.017599714919924736,-0.9911094307899475,-0.1318804919719696,0,0.0007999578956514597,0.0006585643859580159,-0.02081715688109398,1]},{"name":"Bip001 L UpperArm","parent":null,"path":"Bip001/Bip001 Pelvis/Bip001 Spine/Bip001 Spine1/Bip001 Spine2/Bip001 Neck/Bip001 L Clavicle/Bip001 L UpperArm","scale":[1,1,1],"children":[10],"position":[0.00367613765411079,-2.98023217215615e-10,2.38418573772492e-9],"quat":[0.0747587978839874,0.0799602717161179,0.0323760285973549,0.993463277816772],"uniqueBindPose":[0.9560810923576355,-0.03157913312315941,0.2913963496685028,0,-0.29063475131988525,0.02659551240503788,0.9564643502235413,0,-0.03795415163040161,-0.9991474151611328,0.01624947227537632,0,0.00042342516826465726,-0.0023995109368115664,-0.02088356204330921,1]},{"name":"Bip001 L Forearm","parent":null,"path":"Bip001/Bip001 Pelvis/Bip001 Spine/Bip001 Spine1/Bip001 Spine2/Bip001 Neck/Bip001 L Clavicle/Bip001 L UpperArm/Bip001 L Forearm","scale":[1,1,1],"children":[11],"position":[0.00329040875658393,1.49011608607807e-10,0],"quat":[1.72503574343774e-18,-8.07085138450453e-19,-0.0121614243835211,0.999926030635834],"uniqueBindPose":[0.9565662145614624,-0.008316892199218273,0.2913963496685028,0,-0.2911956310272217,0.019519099965691566,0.9564643502235413,0,-0.013642605394124985,-0.9997749328613281,0.01624946855008602,0,-0.002807775977998972,-0.0024685291573405266,-0.02088356390595436,1]},{"name":"Bip001 L Hand","parent":null,"path":"Bip001/Bip001 Pelvis/Bip001 Spine/Bip001 Spine1/Bip001 Spine2/Bip001 Neck/Bip001 L Clavicle/Bip001 L UpperArm/Bip001 L Forearm/Bip001 L Hand","scale":[1,1,1],"children":[12,14],"position":[0.00335187953896821,0,2.38418573772492e-9],"quat":[-0.704135537147522,0.0616529695689678,0.0616038963198662,0.704696416854858],"uniqueBindPose":[0.8914334177970886,-0.453081876039505,-0.007956116460263729,0,-0.4528600573539734,-0.8913520574569702,0.02022886648774147,0,-0.016257034614682198,-0.014429678209125996,-0.9997636675834656,0,-0.002439682837575674,0.0216339360922575,-0.00248575652949512,1]},{"name":"Bip001 L Finger0","parent":null,"path":"Bip001/Bip001 Pelvis/Bip001 Spine/Bip001 Spine1/Bip001 Spine2/Bip001 Neck/Bip001 L Clavicle/Bip001 L UpperArm/Bip001 L Forearm/Bip001 L Hand/Bip001 L Finger0","scale":[1,1,1],"children":[13],"position":[0.00123986601829529,-0.0000668096545268781,-0.00160778663121164],"quat":[0.0311062205582857,0.63835072517395,-0.0200056992471218,0.768856644630432],"uniqueBindPose":[0.16798095405101776,-0.38919490575790405,0.9057095050811768,0,-0.11128392815589905,-0.920378565788269,-0.3748587369918823,0,0.9794887900352478,-0.037821780890226364,-0.19791720807552338,0,0.00037930431426502764,0.021362487226724625,-0.005360267590731382,1]},{"name":"Bip001 L Finger01","parent":null,"path":"Bip001/Bip001 Pelvis/Bip001 Spine/Bip001 Spine1/Bip001 Spine2/Bip001 Neck/Bip001 L Clavicle/Bip001 L UpperArm/Bip001 L Forearm/Bip001 L Hand/Bip001 L Finger0/Bip001 L Finger01","scale":[1,1,1],"position":[0.00192227330990136,0,1.19209286886246e-9],"quat":[-2.59441290673124e-9,1.46735681383348e-8,0.174108117818832,0.984726548194885]},{"name":"Bip001 L Finger1","parent":null,"path":"Bip001/Bip001 Pelvis/Bip001 Spine/Bip001 Spine1/Bip001 Spine2/Bip001 Neck/Bip001 L Clavicle/Bip001 L UpperArm/Bip001 L Forearm/Bip001 L Hand/Bip001 L Finger1","scale":[1,1,1],"children":[15],"position":[0.00283065857365727,0.000102064608654473,-8.15093486039586e-8],"quat":[-0.00039580519660376,0.0000432396118412726,0.108598157763481,0.994085669517517],"uniqueBindPose":[0.7725827097892761,-0.6348596215248108,-0.00831691361963749,0,-0.6346352100372314,-0.7725653052330017,0.019519057124853134,0,-0.018817221745848656,-0.009801879525184631,-0.9997749328613281,0,-0.000496616936288774,0.02216385118663311,-0.002468528226017952,1]},{"name":"Bip001 L Finger11","parent":null,"path":"Bip001/Bip001 Pelvis/Bip001 Spine/Bip001 Spine1/Bip001 Spine2/Bip001 Neck/Bip001 L Clavicle/Bip001 L UpperArm/Bip001 L Forearm/Bip001 L Hand/Bip001 L Finger1/Bip001 L Finger11","scale":[1,1,1],"position":[0.000832786550745368,0,1.49011608607807e-10],"quat":[-0.00247331615537405,0.0523657612502575,0.0471140891313553,0.997512876987457],"uniqueBindPose":[0.7062781453132629,-0.7048515677452087,0.06599606573581696,0,-0.7027971744537354,-0.709309995174408,-0.05436550825834274,0,0.08513128012418747,-0.007984677329659462,-0.9963377118110657,0,0.0010197777301073074,0.022190485149621964,-0.002374806674197316,1]},{"name":"Bip001 R Clavicle","parent":null,"path":"Bip001/Bip001 Pelvis/Bip001 Spine/Bip001 Spine1/Bip001 Spine2/Bip001 Neck/Bip001 R Clavicle","scale":[1,1,1],"children":[17],"position":[-0.00136788608506322,-0.000526934978552163,-0.00195951852947474],"quat":[-0.65867680311203,0.00026121994596906,0.752425849437714,0.000300500250887126],"uniqueBindPose":[-0.9912110567092896,-0.0000013505182323569898,0.13228975236415863,0,-0.1311134248971939,-0.13304966688156128,-0.9823985695838928,0,0.017602432519197464,-0.9911094307899475,0.13188011944293976,0,0.0008028296870179474,0.0006585643859580159,0.020816773176193237,1]},{"name":"Bip001 R UpperArm","parent":null,"path":"Bip001/Bip001 Pelvis/Bip001 Spine/Bip001 Spine1/Bip001 Spine2/Bip001 Neck/Bip001 R Clavicle/Bip001 R UpperArm","scale":[1,1,1],"children":[18],"position":[0.0036761371884495,-2.98023217215615e-10,-2.38418573772492e-9],"quat":[-0.0747587978839874,-0.0799602717161179,0.0323760285973549,0.993463277816772],"uniqueBindPose":[-0.9560811519622803,0.03157639130949974,0.29139629006385803,0,-0.29063475131988525,0.02659551054239273,-0.9564643502235413,0,-0.037951529026031494,-0.9991474747657776,-0.01625027135014534,0,0.00042619541636668146,-0.0023996024392545223,0.02088271826505661,1]},{"name":"Bip001 R Forearm","parent":null,"path":"Bip001/Bip001 Pelvis/Bip001 Spine/Bip001 Spine1/Bip001 Spine2/Bip001 Neck/Bip001 R Clavicle/Bip001 R UpperArm/Bip001 R Forearm","scale":[1,1,1],"children":[19],"position":[0.00329040945507586,1.49011608607807e-10,4.44089199923895e-18],"quat":[2.05829792004377e-18,2.65940982303187e-17,-0.0121614253148437,0.999926030635834],"uniqueBindPose":[-0.9565662741661072,0.00831415131688118,0.2913963198661804,0,-0.29119566082954407,0.019519099965691566,-0.9564643502235413,0,-0.013639983721077442,-0.9997749328613281,-0.016250265762209892,0,-0.0028050043620169163,-0.0024685533717274666,0.02088272012770176,1]},{"name":"Bip001 R Hand","parent":null,"path":"Bip001/Bip001 Pelvis/Bip001 Spine/Bip001 Spine1/Bip001 Spine2/Bip001 Neck/Bip001 R Clavicle/Bip001 R UpperArm/Bip001 R Forearm/Bip001 R Hand","scale":[1,1,1],"children":[20,22],"position":[0.00335187953896821,-2.77555749952435e-19,0],"quat":[0.704135537147522,-0.0616529546678066,0.061603881418705,0.704696416854858],"uniqueBindPose":[-0.8914334774017334,0.45308181643486023,-0.007953375577926636,0,-0.452860027551651,-0.8913520574569702,-0.02022886648774147,0,-0.016254590824246407,-0.014430921524763107,0.9997636675834656,0,-0.0024370993487536907,0.021632622927427292,0.0024857795797288418,1]},{"name":"Bip001 R Finger0","parent":null,"path":"Bip001/Bip001 Pelvis/Bip001 Spine/Bip001 Spine1/Bip001 Spine2/Bip001 Neck/Bip001 R Clavicle/Bip001 R UpperArm/Bip001 R Forearm/Bip001 R Hand/Bip001 R Finger0","scale":[1,1,1],"children":[21],"position":[0.00123986601829529,-0.0000668096545268781,0.00160778663121164],"quat":[-0.031106187030673,-0.63835072517395,-0.02000567689538,0.768856644630432],"uniqueBindPose":[-0.16797825694084167,0.3891947865486145,0.905709981918335,0,-0.11128392070531845,-0.9203786253929138,0.37485870718955994,0,0.979489266872406,-0.03782285004854202,0.1979147046804428,0,0.0003797913377638906,0.02136136032640934,0.005357642658054829,1]},{"name":"Bip001 R Finger01","parent":null,"path":"Bip001/Bip001 Pelvis/Bip001 Spine/Bip001 Spine1/Bip001 Spine2/Bip001 Neck/Bip001 R Clavicle/Bip001 R UpperArm/Bip001 R Forearm/Bip001 R Hand/Bip001 R Finger0/Bip001 R Finger01","scale":[1,1,1],"position":[0.00192227330990136,0,-2.22044599961948e-18],"quat":[-3.89970362408409e-17,2.12910648299372e-17,0.17410808801651,0.984726548194885]},{"name":"Bip001 R Finger1","parent":null,"path":"Bip001/Bip001 Pelvis/Bip001 Spine/Bip001 Spine1/Bip001 Spine2/Bip001 Neck/Bip001 R Clavicle/Bip001 R UpperArm/Bip001 R Forearm/Bip001 R Hand/Bip001 R Finger1","scale":[1,1,1],"children":[23],"position":[0.00283065740950406,0.000102064608654473,8.13603406868424e-8],"quat":[0.000395804818253964,-0.0000432405795436352,0.108598172664642,0.994085669517517],"uniqueBindPose":[-0.7725827693939209,0.6348596215248108,-0.008314169012010098,0,-0.6346352100372314,-0.7725653052330017,-0.019519057124853134,0,-0.01881510205566883,-0.009803622961044312,0.9997749328613281,0,-0.0004943779204040766,0.02216201089322567,0.002468552440404892,1]},{"name":"Bip001 R Finger11","parent":null,"path":"Bip001/Bip001 Pelvis/Bip001 Spine/Bip001 Spine1/Bip001 Spine2/Bip001 Neck/Bip001 R Clavicle/Bip001 R UpperArm/Bip001 R Forearm/Bip001 R Hand/Bip001 R Finger1/Bip001 R Finger11","scale":[1,1,1],"position":[0.000832786550745368,0,0],"quat":[0.00247331662103534,-0.0523657687008381,0.0471140816807747,0.997512876987457],"uniqueBindPose":[-0.7062779068946838,0.704851508140564,0.06599880009889603,0,-0.7027971744537354,-0.7093098759651184,0.05436551570892334,0,0.08513321727514267,-0.007986607030034065,0.9963374733924866,0,0.0010218239622190595,0.022188441827893257,0.0023746152874082327,1]},{"name":"Bip001 Head","parent":null,"path":"Bip001/Bip001 Pelvis/Bip001 Spine/Bip001 Spine1/Bip001 Spine2/Bip001 Neck/Bip001 Head","scale":[1,1,1],"position":[0.00243031256832182,-5.53727147689642e-7,-1.60071066644674e-12],"quat":[1.06627204353275e-13,-5.53768195743487e-8,0.0199649836868048,0.999800682067871],"uniqueBindPose":[-1.269194882524971e-7,-0.0000014085817383602262,1,0,0.9957048296928406,0.09258360415697098,2.567859382907045e-7,0,-0.09258359670639038,0.9957049489021301,0.0000013907811080571264,0,-0.02456582337617874,-0.00018786682630889118,-0.0000014492268292087829,1]},{"name":"Bip001 L Thigh","parent":null,"path":"Bip001/Bip001 Pelvis/Bip001 L Thigh","scale":[1,1,1],"children":[26],"position":[-5.36441779885877e-9,5.51342971277791e-9,0.00372653524391353],"quat":[-0.000842495996039361,0.996881067752838,-0.00631093280389905,-0.0786614492535591],"uniqueBindPose":[0.15684421360492706,-0.012447195127606392,-0.9875448942184448,0,-0.9876230359077454,-0.0026724454946815968,-0.15682296454906464,0,-0.00068715400993824,0.9999189376831055,-0.012712295167148113,0,0.007841466926038265,0.0012446899199858308,0.005004712380468845,1]},{"name":"Bip001 L Calf","parent":null,"path":"Bip001/Bip001 Pelvis/Bip001 L Thigh/Bip001 L Calf","scale":[1,1,1],"children":[27],"position":[0.00301830773241818,-7.45058043039037e-11,-5.9604643443123e-10],"quat":[5.53649238452331e-20,1.87766591065414e-17,-0.0491386540234089,0.998791992664337],"uniqueBindPose":[0.15730857849121094,0.003008526749908924,-0.9875448942184448,0,-0.9825913310050964,-0.09960322082042694,-0.15682294964790344,0,-0.09883446246385574,0.995022714138031,-0.012712288647890091,0,0.00467769056558609,0.001712113618850708,0.005004712380468845,1]},{"name":"Bip001 L Foot","parent":null,"path":"Bip001/Bip001 Pelvis/Bip001 L Thigh/Bip001 L Calf/Bip001 L Foot","scale":[1,1,1],"children":[28],"position":[0.00350881507620215,1.49011608607807e-10,-1.11022299980974e-18],"quat":[-0.0024372641928494,-0.0788771957159042,0.0498269088566303,0.995635330677032],"uniqueBindPose":[4.371138828673793e-8,0.000001370906943520822,-1,0,-1,1.629207417863654e-7,-4.371116801848984e-8,0,1.6292067073209182e-7,1,0.000001370906943520822,0,0.0021039126440882683,0.0015244384994730353,0.004753355402499437,1]},{"name":"Bip001 L Toe0","parent":null,"path":"Bip001/Bip001 Pelvis/Bip001 L Thigh/Bip001 L Calf/Bip001 L Foot/Bip001 L Toe0","scale":[1,1,1],"position":[0.00226270314306021,0.00559741910547018,0],"quat":[1.54543098318527e-8,1.54543098318527e-8,0.70710676908493,0.70710676908493]},{"name":"Bip001 R Thigh","parent":null,"path":"Bip001/Bip001 Pelvis/Bip001 R Thigh","scale":[1,1,1],"children":[30],"position":[5.36441779885877e-9,-4.76837147544984e-9,-0.00372653524391353],"quat":[-0.00084261444862932,0.996880948543549,0.00630954885855317,0.0786629244685173],"uniqueBindPose":[-0.1568443924188614,0.012449934147298336,-0.9875448942184448,0,-0.9876230359077454,-0.0026724471244961023,0.15682312846183777,0,-0.0006867238553240895,0.9999189376831055,0.012715001590549946,0,0.007841920480132103,0.0012446538312360644,-0.005001853220164776,1]},{"name":"Bip001 R Calf","parent":null,"path":"Bip001/Bip001 Pelvis/Bip001 R Thigh/Bip001 R Calf","scale":[1,1,1],"children":[31],"position":[0.00301830703392625,-7.45058043039037e-11,-1.11022299980974e-18],"quat":[1.50771740534174e-18,3.064585386373e-17,-0.0491386540234089,0.998791992664337],"uniqueBindPose":[-0.15730901062488556,-0.00300583615899086,-0.9875448942184448,0,-0.9825912117958069,-0.09960322082042694,0.15682312846183777,0,-0.09883402287960052,0.995022714138031,0.012714977376163006,0,0.00467814551666379,0.0017121221171692014,-0.005001853220164776,1]},{"name":"Bip001 R Foot","parent":null,"path":"Bip001/Bip001 Pelvis/Bip001 R Thigh/Bip001 R Calf/Bip001 R Foot","scale":[1,1,1],"children":[32],"position":[0.00350881577469409,2.98023217215615e-10,5.9604643443123e-10],"quat":[0.00243725953623652,0.0788772851228714,0.0498269088566303,0.995635330677032],"uniqueBindPose":[4.371138828673793e-8,0.000001370906943520822,-1,0,-1,1.629207417863654e-7,-4.371116801848984e-8,0,1.6292067073209182e-7,1,0.000001370906943520822,0,0.002103912876918912,0.0015244383830577135,-0.0047504594549536705,1]},{"name":"Bip001 R Toe0","parent":null,"path":"Bip001/Bip001 Pelvis/Bip001 R Thigh/Bip001 R Calf/Bip001 R Foot/Bip001 R Toe0","scale":[1,1,1],"position":[0.00226270314306021,0.00559741910547018,0],"quat":[-1.54543080554959e-8,-1.54543080554959e-8,0.70710676908493,0.70710676908493]}]]],0,0,[],[],[]],[[{"name":"glow","rect":[6,0,95,96],"offset":[-1,0],"originalSize":[109,96],"capInsets":[0,0,0,0]}],[1],0,[0],[3],[31]],[[{"name":"dog","rect":[0,0,1782,990],"offset":[0,0],"originalSize":[1782,990],"capInsets":[0,0,0,0]}],[1],0,[0],[3],[32]],[[[76,"Platform_Game",null],[26,"RootNode",true,[-3,-4],[-2],[7,-1],[0,0.5,0],[0,-109.565,0,0,0.42261826174069944,0,0.9063077870366499,12000,12000,12000],[1,0,50,0]],[26,"RootNode",true,[-7,-8],[-6],[7,-5],[0,0.5,0],[0,-109.565,0,0,0.42261826174069944,0,0.9063077870366499,12000,12000,12000],[1,0,50,0]],[26,"RootNode",true,[-11,-12],[-10],[7,-9],[0,0.5,0],[0,-109.565,0,0,0.42261826174069944,0,0.9063077870366499,12000,12000,12000],[1,0,50,0]],[26,"RootNode",true,[-15,-16],[-14],[7,-13],[0,0.5,0],[0,-109.565,0,0,0.42261826174069944,0,0.9063077870366499,12000,12000,12000],[1,0,50,0]],[26,"RootNode",true,[-19,-20],[-18],[7,-17],[0,0.5,0],[0,-109.565,0,0,0.42261826174069944,0,0.9063077870366499,12000,12000,12000],[1,0,50,0]],[26,"RootNode",true,[-23,-24],[-22],[7,-21],[0,0.5,0],[0,-109.565,0,0,0.42261826174069944,0,0.9063077870366499,12000,12000,12000],[1,0,50,0]],[48,"Scene3",false,[-40,-41,-42,-43,-44,-45,-46,-47,-48,-49,-50,-51,-52,-53,-54,-55,-56,-57,-58],[[100,-31,-30,-29,-28,-27,-26,-25],[101,true,-39,-38,-37,-36,-35,-34,-33,-32]]],[48,"Scene4",false,[-73,-74,-75,-76,-77,-78,-79,-80,-81,-82,-83,-84,-85,-86],[[105,-65,-64,-63,-62,-61,-60,-59],[72,true,-72,-71,-70,7,-69,-68,-67,-66]]],[79,"Scene1",[-93,-94,-95,-96,-97,-98,-99,-100,-101,-102,-103,-104,-105],[[102,true,-91,-90,-89,-88,-87],[106,-92]]],[48,"Scene2",false,[-121,-122,-123,-124,-125,-126,-127,-128,-129,-130,-131],[[107,-114,-113,-112,-111,-110,-109,-108,-107,-106],[103,-120,-119,7,9,-118,-117,-116,-115]]],[48,"Scene6",false,[-144,-145,-146,-147,-148,-149,-150,-151,-152,-153,-154],[[108,-138,-137,-136,-135,-134,-133,-132],[104,true,-143,-142,-141,-140,-139]]],[80,"Canvas","e2kCu0ypVGTrwCiNaZ7fid",[-159,-160,-161,-162,9,10,7,8,-163,11],[[109,-155,[5,1280,720]],[110,45,-156],[111,-158,-157]],[5,1280,720],[640,360,0,0,0,0,1,1,1,1]],[40,"Player",2,10,[-172,-173,2],[[57,false,0,1,true,true,-164],[31,0.1,-165,[0,0,6.4],[5,165,197.3]],[32,2,0.5,-166,[0,0,-97.6],[5,112.1,9.8]],[59,-169,-168,-167,2],[60,-171,-170,52]],[5,165,210],[-489.81,-230.055,0,0,0,0,1,0.5,0.5,0.5]],[40,"Player",2,7,[-182,-183,3],[[58,false,1,true,true,-174],[31,0.1,-175,[0,0,6.4],[5,165,197.3]],[32,2,0.5,-176,[0,0,-97.6],[5,112.1,13]],[61,-179,-178,-177,3,96],[62,-181,-180,97,98,99,100,101,102,103]],[5,165,210],[-489.81,-230.055,0,0,0,0,1,0.5,0.5,0.5]],[40,"Player",2,8,[-192,-193,4],[[58,false,1,true,true,-184],[31,0.1,-185,[0,0,6.4],[5,165,197.3]],[32,2,0.5,-186,[0,0,-97.6],[5,112.1,13]],[61,-189,-188,-187,4,130],[62,-191,-190,131,132,133,134,135,136,137]],[5,165,210],[-489.81,-230.055,0,0,0,0,1,0.5,0.5,0.5]],[81,"Player",2,[-202,-203,5],[[57,false,0,1,true,true,-194],[31,0.1,-195,[0,0,6.4],[5,165,197.3]],[32,2,0.5,-196,[0,0,-97.6],[5,112.1,13]],[59,-199,-198,-197,5],[60,-201,-200,146]],[5,165,210],[-489.81,-230.055,0,0,0,0,1,0.5,0.5,0.5]],[40,"Player",2,9,[-212,-213,1],[[58,false,1,true,true,-204],[31,0.1,-205,[0,0,6.4],[5,165,197.3]],[32,2,0.5,-206,[0,0,-97.6],[5,112.1,9.8]],[61,-209,-208,-207,1,19],[62,-211,-210,20,21,22,23,24,25,26]],[5,165,210],[-489.81,-230.055,0,0,0,0,1,0.5,0.5,0.5]],[82,"Scene5",false,12,[-220,16,-221,-222],[[114,-214],[72,true,-219,-218,11,8,15,-217,-216,-215]]],[40,"Player",2,11,[-231,-232,6],[[57,false,0,1,true,true,-223],[31,0.1,-224,[0,0,6.4],[5,165,197.3]],[32,2,0.5,-225,[0,0,-97.6],[5,112.1,13]],[59,-228,-227,-226,6],[60,-230,-229,166]],[5,165,210],[-489.81,-230.055,0,0,0,0,1,0.5,0.5,0.5]],[66,"RootNode",true,[-234,-235],[7,-233],[0,0,0,0,0,0,1,5000,5000,5000]],[66,"RootNode",true,[-237,-238],[7,-236],[-6.852,0.409,0,0,0,0,1,5000,5000,5000]],[83,"VideoPlayer",9,[-244,-245],[[115,-242,-241,-240,-239],[20,-243,[0,-601.6,-367.4],[5,91.8,30]]],[243.783,126.833,0,0,0,0,1,1,1,1]],[84,"New Node",3,[-248],[[42,0,-246],[74,-247,[0,-0.4,-20.3],[5,110,20.1]]],[-301.604,-249.816,0,0,0,0,1,1,1,1]],[99,"New Node",[-251],[[-249,[74,-250,[0,-0.5,4.9],[5,91.5,29.9]]],1,4],[-301.604,-249.816,0,0,0,0,1,1,1,1]],[27,"SpaceNode",false,2,17,[[11,-252],[4,-253]],[6.923,-40.384,0,0,0,0,1,1,1,1]],[6,"Bip001 Pelvis",true,[-254,-255,-256],[0,"Bip001/Bip001 Pelvis",1],[0,0,0,-0.49999999254919475,-0.49999999254919475,-0.4999993219974208,0.5000006929032498,1,1,1],[1,-89.99992145288073,-89.99992145288073,-0.0000017074910921019665]],[30,"Bip001 Neck",true,[[-257,-258,[2,"Bip001 Head",true,-259,[0,"Bip001/Bip001 Pelvis/Bip001 Spine/Bip001 Spine1/Bip001 Spine2/Bip001 Neck/Bip001 Head",1],[0.00243031256832182,-5.53727147689642e-7,-1.60071066644674e-12,1.0662229220572783e-13,-5.5376819697202036e-8,0.019964983731132428,0.9998006798480448,1,1,1],[1,1.2680542376818964e-7,-0.000006349513357202947,2.287970626586838]]],1,1,4],[0,"Bip001/Bip001 Pelvis/Bip001 Spine/Bip001 Spine1/Bip001 Spine2/Bip001 Neck",1],[0.00337379681877792,-0.0000020036100067955,-5.38420870388467e-12,1.24344978758018e-14,7.94093388050907e-23,4.16333634234434e-17,1,1,1,1],[1,1.424888497295661e-12,9.099639875589357e-21,4.770832022195278e-15]],[85,"Ground_Collider",1,[[63,2,0,-260,[27],28],[42,0,-261],[43,-262,[5,3767,32]]],[4,4283985558],[5,1000,32],[73.062,-319.202,0,0,0,0,1,2.5,2.5,2.5]],[86,"New Node copy",false,2,[[11,-263],[4,-264],[8,-265,[29],30]],[5,29,29],[340.588,-218.072,0,0,0,0,1,1,1,1]],[39,"RootNode",true,9,[-267],[7,-266],[-578.03,-279.109,0,0,0,0,1,8522.12,8522.12,8522.12]],[39,"RootNode copy",true,9,[-269],[7,-268],[189.128,-279.109,0,0,0,0,1,8522.12,8522.12,8522.12]],[39,"RootNode copy",true,9,[-271],[7,-270],[-194.072,-279.109,0,0,0,0,1,8522.12,8522.12,8522.12]],[39,"RootNode copy",true,9,[-273],[7,-272],[573.086,-279.109,0,0,0,0,1,8522.12,8522.12,8522.12]],[53,"Scene2",10,[-274,-275],[-3.891,-317.62,0,0,0,0,1,0.857,0.857,0.857]],[27,"SpaceNode",false,2,13,[[11,-276],[4,-277]],[6.923,-40.384,0,0,0,0,1,1,1,1]],[6,"Bip001 Pelvis",true,[-278,-279,-280],[0,"Bip001/Bip001 Pelvis",2],[0,0,0,-0.49999999254919475,-0.49999999254919475,-0.4999993219974208,0.5000006929032498,1,1,1],[1,-89.99992145288073,-89.99992145288073,-0.0000017074910921019665]],[30,"Bip001 Neck",true,[[-281,-282,[2,"Bip001 Head",true,-283,[0,"Bip001/Bip001 Pelvis/Bip001 Spine/Bip001 Spine1/Bip001 Spine2/Bip001 Neck/Bip001 Head",2],[0.00243031256832182,-5.53727147689642e-7,-1.60071066644674e-12,1.0662229220572783e-13,-5.5376819697202036e-8,0.019964983731132428,0.9998006798480448,1,1,1],[1,1.2680542376818964e-7,-0.000006349513357202947,2.287970626586838]]],1,1,4],[0,"Bip001/Bip001 Pelvis/Bip001 Spine/Bip001 Spine1/Bip001 Spine2/Bip001 Neck",2],[0.00337379681877792,-0.0000020036100067955,-5.38420870388467e-12,1.24344978758018e-14,7.94093388050907e-23,4.16333634234434e-17,1,1,1,1],[1,1.424888497295661e-12,9.099639875589357e-21,4.770832022195278e-15]],[53,"Text1",10,[-284,-285],[-489.81,-230.055,0,0,0,0,1,0.5,0.5,0.5]],[67,"Text2",false,10,[-286,-287],[4,4278190080],[5,736,100],[-15.859,-291.166,0,0,0,0,1,0.91658,0.91658,0.91658]],[67,"Text3",false,10,[-288,-289],[4,4278190080],[5,736,100],[-15.859,-291.166,0,0,0,0,1,0.91658,0.91658,0.91658]],[54,"Holder",0,7,[-291],[[8,-290,[75],76]],[5,387,651],[-444.989,32.852,0,0,0,0,1,1,1,1]],[54,"Holder copy",0,7,[-293],[[8,-292,[79],80]],[5,387,651],[0,32.852,0,0,0,0,1,1,1,1]],[54,"Holder copy",0,7,[-295],[[8,-294,[83],84]],[5,387,651],[445.242,32.852,0,0,0,0,1,1,1,1]],[70,"Ground_Collider",1,7,[[63,2,0,-296,[85],86],[42,0,-297],[43,-298,[5,3767,32]]],[4,4290164406],[5,600,34],[-14.712,-324.178,0,0,0,0,1,2.5,2.5,2.5]],[41,"Collider1",7,[-301],[[[11,-299],-300],4,1],[-338.39,-96.022,0,0,0,0,1,1,1,1]],[1,"RootNode",true,45,[-303],[7,-302],[-5.252,6.661,0,0.22017810348577468,0.3057941665902916,0.003369851709633692,0.9262829883595032,17000,17000,17000],[1,24.2,34.800000000000004,8.100000000000001]],[41,"Collider2",7,[-306],[[[11,-304],-305],4,1],[12.94,34.6,0,0,0,0,1,1,1,1]],[1,"RootNode",true,47,[-308],[7,-307],[-0.886,11.027,0,0.2902137941711936,0.1207232977068259,0.0025848136074132153,0.9493129925383746,17000,17000,17000],[1,33.5,13.199999999999996,4.3]],[41,"Collider3",7,[-311],[[[11,-309],-310],4,1],[436.052,80.814,0,0,0,0,1,1,1,1]],[1,"RootNode",true,49,[-313],[7,-312],[-5.252,6.661,0,0.2781529855836028,0,0,0.960536785662542,17000,17000,17000],[1,32.300000000000004,0,0]],[27,"SpaceNode",false,2,14,[[11,-314],[4,-315]],[6.923,-40.384,0,0,0,0,1,1,1,1]],[6,"Bip001 Pelvis",true,[-316,-317,-318],[0,"Bip001/Bip001 Pelvis",3],[0,0,0,-0.49999999254919475,-0.49999999254919475,-0.4999993219974208,0.5000006929032498,1,1,1],[1,-89.99992145288073,-89.99992145288073,-0.0000017074910921019665]],[30,"Bip001 Neck",true,[[-319,-320,[2,"Bip001 Head",true,-321,[0,"Bip001/Bip001 Pelvis/Bip001 Spine/Bip001 Spine1/Bip001 Spine2/Bip001 Neck/Bip001 Head",3],[0.00243031256832182,-5.53727147689642e-7,-1.60071066644674e-12,1.0662229220572783e-13,-5.5376819697202036e-8,0.019964983731132428,0.9998006798480448,1,1,1],[1,1.2680542376818964e-7,-0.000006349513357202947,2.287970626586838]]],1,1,4],[0,"Bip001/Bip001 Pelvis/Bip001 Spine/Bip001 Spine1/Bip001 Spine2/Bip001 Neck",3],[0.00337379681877792,-0.0000020036100067955,-5.38420870388467e-12,1.24344978758018e-14,7.94093388050907e-23,4.16333634234434e-17,1,1,1,1],[1,1.424888497295661e-12,9.099639875589357e-21,4.770832022195278e-15]],[71,"Holder",8,[-323],[[8,-322,[111],112]],[5,561,599],[-321.973,-584.813,0,0,0,0,1,1,1,1]],[71,"Holder copy",8,[-325],[[8,-324,[115],116]],[5,561,599],[313.927,-584.813,0,0,0,0,1,1,1,1]],[70,"Ground_Collider",1,8,[[63,2,0,-326,[117],118],[42,0,-327],[43,-328,[5,3767,32]]],[4,4290164406],[5,600,34],[-14.712,-324.178,0,0,0,0,1,2.5,2.5,2.5]],[41,"Collider1",8,[20],[[[11,-329],-330],4,1],[-324.724,-282.307,0,0,0,0,1,1,1,1]],[41,"Collider2",8,[21],[[[11,-331],-332],4,1],[329.556,-282.307,0,0,0,0,1,1,1,1]],[27,"SpaceNode",false,2,15,[[11,-333],[4,-334]],[6.923,-40.384,0,0,0,0,1,1,1,1]],[6,"Bip001 Pelvis",true,[-335,-336,-337],[0,"Bip001/Bip001 Pelvis",4],[0,0,0,-0.49999999254919475,-0.49999999254919475,-0.4999993219974208,0.5000006929032498,1,1,1],[1,-89.99992145288073,-89.99992145288073,-0.0000017074910921019665]],[30,"Bip001 Neck",true,[[-338,-339,[2,"Bip001 Head",true,-340,[0,"Bip001/Bip001 Pelvis/Bip001 Spine/Bip001 Spine1/Bip001 Spine2/Bip001 Neck/Bip001 Head",4],[0.00243031256832182,-5.53727147689642e-7,-1.60071066644674e-12,1.0662229220572783e-13,-5.5376819697202036e-8,0.019964983731132428,0.9998006798480448,1,1,1],[1,1.2680542376818964e-7,-0.000006349513357202947,2.287970626586838]]],1,1,4],[0,"Bip001/Bip001 Pelvis/Bip001 Spine/Bip001 Spine1/Bip001 Spine2/Bip001 Neck",4],[0.00337379681877792,-0.0000020036100067955,-5.38420870388467e-12,1.24344978758018e-14,7.94093388050907e-23,4.16333634234434e-17,1,1,1,1],[1,1.424888497295661e-12,9.099639875589357e-21,4.770832022195278e-15]],[27,"SpaceNode",false,2,16,[[11,-341],[4,-342]],[6.923,-40.384,0,0,0,0,1,1,1,1]],[6,"Bip001 Pelvis",true,[-343,-344,-345],[0,"Bip001/Bip001 Pelvis",5],[0,0,0,-0.49999999254919475,-0.49999999254919475,-0.4999993219974208,0.5000006929032498,1,1,1],[1,-89.99992145288073,-89.99992145288073,-0.0000017074910921019665]],[30,"Bip001 Neck",true,[[-346,-347,[2,"Bip001 Head",true,-348,[0,"Bip001/Bip001 Pelvis/Bip001 Spine/Bip001 Spine1/Bip001 Spine2/Bip001 Neck/Bip001 Head",5],[0.00243031256832182,-5.53727147689642e-7,-1.60071066644674e-12,1.0662229220572783e-13,-5.5376819697202036e-8,0.019964983731132428,0.9998006798480448,1,1,1],[1,1.2680542376818964e-7,-0.000006349513357202947,2.287970626586838]]],1,1,4],[0,"Bip001/Bip001 Pelvis/Bip001 Spine/Bip001 Spine1/Bip001 Spine2/Bip001 Neck",5],[0.00337379681877792,-0.0000020036100067955,-5.38420870388467e-12,1.24344978758018e-14,7.94093388050907e-23,4.16333634234434e-17,1,1,1,1],[1,1.424888497295661e-12,9.099639875589357e-21,4.770832022195278e-15]],[16,"Label1",0,11,[[33,"- Tổng quan thị trường: \n",30.999999999999982,false,1,1,3,-349,[149],150],[35,-350]],[4,4278190080],[5,454.94000000000005,92.39999999999999],[-213.572,190.505,0,0,0,0,1,1,1,1]],[16,"Label2",0,11,[[33,"+ Game thuộc dòng hybrid-casual đang chiếm lĩnh thị trường, có ưu điểm là mechanic đơn giản và dễ thực hiện.\n",30.999999999999982,false,1,1,3,-351,[151],152],[35,-352]],[4,4278190080],[5,454.94000000000005,212.39999999999998],[-213.572,85.631,0,0,0,0,1,1,1,1]],[16,"Label3",0,11,[[33,"+ Đã có 2 game lớn đã thành công là Art of War và Lords Mobile theo cơ chế draw. ",30.999999999999982,false,1,1,3,-353,[153],154],[35,-354]],[4,4278190080],[5,454.94,132.39999999999998],[-210.441,-36.46,0,0,0,0,1,1,1,1]],[16,"Label4",0,11,[[33,"- Tổng quan thị trường: \n",30.999999999999982,false,1,1,3,-355,[155],156],[35,-356]],[4,4278190080],[5,409.94000000000005,92.39999999999999],[244.456,190.505,0,0,0,0,1,1,1,1]],[16,"Label5",0,11,[[33,"+ Game thuộc dòng hybrid-casual đang chiếm lĩnh thị trường, có ư